time,x,y,z,phi,theta,psi,x_velocity,y_velocity,z_velocity,phi_velocity,theta_velocity,psi_velocity,rotor_speed1,rotor_speed2,rotor_speed3,rotor_speed4
0.06,-3.0290353238e-07,-2.89961523136e-08,10.0076019203,6.28282177486,0.000242000037812,0.0,-2.64639503142e-05,-1.84530805571e-05,0.253374929092,-0.0223337124462,0.0110778295807,0.0,482.1167360766145,482.9527901865184,484.5480573630471,482.8665507475282
0.12000000000000001,-1.0386196213e-05,-1.55131858443e-05,10.0286849586,6.2810845581,0.000741221049033,0.0,-0.000378034507084,-0.000670363356331,0.449335703099,-0.0474454066119,0.00213946634979,0.0,466.70841356053876,466.0102518257993,467.5146736636435,465.5539783301896
0.18,-5.4503734237e-05,-0.000119271912431,10.0621321409,6.27810631239,0.00236822486958,0.0,-0.00122416411319,-0.00313468950461,0.665468009313,-0.0544259194034,0.0543512766491,0.0,470.6777693472473,474.70087631275265,472.69084274186577,472.1512870414632
0.23999999999999996,-0.000197316286915,-0.000439589972571,10.1077591237,6.27523652574,0.00555752484442,0.0,-0.00390790883173,-0.00789271772817,0.855304932406,-0.0371333397793,0.0506491661866,0.0,464.62372475321376,464.3351481954008,464.8784638020139,466.22994496961275
0.3,-0.000565877324777,-0.00109639714028,10.1633233718,6.27276532897,0.00862599163001,0.0,-0.00870700603718,-0.0142522621242,0.996719256064,-0.0508610204777,0.0521069451247,0.0,449.79614940686963,449.91581431214996,451.9370266537096,450.8284224366723
0.36000000000000004,-0.00133883125586,-0.00225010543729,10.2326932487,6.27005411458,0.0116546859623,0.0,-0.0174690484246,-0.0245857922243,1.31529077224,-0.0357457153645,0.0470051043698,0.0,503.4876452225995,503.11972761536265,501.1801949596917,502.2764839659938
0.4200000000000001,-0.00265757148651,-0.00402552233565,10.3161397841,6.26771449382,0.0148073149402,0.0,-0.026815825903,-0.0348367694212,1.46607123038,-0.0464410245871,0.0617948062512,0.0,454.0985756867637,455.28499958524355,454.68365471050254,453.82533346851557
0.48000000000000015,-0.00460304389938,-0.00646274276994,10.4081484155,6.26488589379,0.0187125603696,0.0,-0.0384390235667,-0.0467016552413,1.60069217615,-0.0485858189484,0.0709684019184,0.0,449.517951656464,450.26369857879234,450.0356604441607,449.86073215915206
0.5400000000000001,-0.00739344485027,-0.0097324791005,10.5113519429,6.26198293696,0.0228349130058,0.0,-0.055081233128,-0.0626389870443,1.83905497846,-0.0479794033691,0.0637489634312,0.0,481.6166924214332,481.0735533708404,481.27790249190576,481.3225553905251
0.6000000000000002,-0.0113610031978,-0.0141018792949,10.6321564052,6.25863398048,0.0269413730947,0.0,-0.0777085601098,-0.0834143262339,2.18713775732,-0.0800522877611,0.0764718707164,0.0,511.4137885075182,512.3219596454788,514.874199720274,512.5982622993855
0.6600000000000003,-0.0165986007787,-0.019633085096,10.766407529,6.25371818736,0.0315298066439,0.0,-0.0973410354866,-0.101449537941,2.28767512279,-0.0859748642672,0.0764779335723,0.0,441.80980529459663,441.814966308859,442.17446651489115,441.6808036424467
0.7200000000000003,-0.0231473905798,-0.0263852179136,10.9078705658,6.24869122773,0.0359021897479,0.0,-0.121427478421,-0.124161286194,2.42743652884,-0.0797263440853,0.0644651526352,0.0,454.85120122608436,453.8921274964426,454.4889803826408,454.98391860794294
0.7800000000000004,-0.0311497376591,-0.0345268036647,11.0554040138,6.24357156025,0.0399494660864,0.0,-0.145695119169,-0.147694034467,2.49017450458,-0.0999195860624,0.072845426093,0.0,430.72740510173935,431.43907315105565,431.7546005628022,430.04109939076585
0.8400000000000004,-0.0408516557017,-0.0443466051157,11.2106824905,6.23797113379,0.0441935173032,0.0,-0.178184962396,-0.180283799094,2.68528178434,-0.0826702042731,0.0661393265908,0.0,472.0545335474946,471.5402820524378,472.0712577402096,473.3934231705103
0.9000000000000005,-0.0525439372862,-0.0561902320992,11.3763767373,6.23260246607,0.0484331127179,0.0,-0.211993333065,-0.215046100804,2.837438914,-0.10874722761,0.078436576862,0.0,460.147810392069,461.1238424542604,461.24585182960004,459.1750670995603
0.9600000000000005,-0.0662311445949,-0.0701079386765,11.5485431607,6.22623824189,0.0531450218577,0.0,-0.244694605803,-0.249489995701,2.90121563846,-0.101196212902,0.0787215111539,0.0,433.6906327599096,433.7196557114294,433.40554632746927,434.0295427476548
1.0200000000000005,-0.0819829983121,-0.0862259612976,11.7247109449,6.22021494571,0.0577852625638,0.0,-0.280814798267,-0.288354839893,2.97079212739,-0.0988206827652,0.0744162688276,0.0,436.73326964435734,436.37889195136694,435.4973012652979,435.6870313710612
1.0800000000000005,-0.100117133551,-0.104929506536,11.9071499597,6.21420158218,0.0622561176712,0.0,-0.324117142088,-0.335714216884,3.11005133201,-0.103183073834,0.0747093907504,0.0,458.36595147479517,458.3934043898411,458.6490595981535,458.2941128072387
1.1400000000000006,-0.120818188792,-0.12646293432,12.0958863508,6.20829398642,0.0667572538889,0.0,-0.366345444808,-0.382640180058,3.18087653348,-0.0903852521204,0.0756306032619,0.0,438.0393223791883,438.12042775771795,437.42065287934173,438.4765631034468
1.2000000000000006,-0.144752061144,-0.15160763349,12.2978313166,6.20333133484,0.0714210055685,0.0,-0.432030887707,-0.456161713178,3.54941820707,-0.0706245703124,0.0816246295417,0.0,524.6437709923587,525.0635585554836,525.0368513226239,526.4014792280643
1.2600000000000007,-0.172085826202,-0.180546947164,12.5125441447,6.19890321647,0.0762855067116,0.0,-0.479550035811,-0.508878545293,3.60739650407,-0.0810603704845,0.0799532212152,0.0,437.07435256798897,436.94045520300335,437.60066376254804,436.7266564668375
1.3200000000000007,-0.202367701973,-0.212739197526,12.7307497614,6.19447241797,0.0806997821711,0.0,-0.53027862607,-0.564619996079,3.66583032812,-0.0623451789297,0.0560578481693,0.0,438.59025233399376,436.605157118055,437.31974786790886,438.8714637557123
1.3800000000000008,-0.23592588779,-0.24852366171,12.9542917158,6.19028226202,0.0843425342076,0.0,-0.588665775726,-0.628565790246,3.78507137441,-0.0922678697825,0.0686886948601,0.0,456.7364992554207,457.745280340108,459.0805944532755,456.69606105438976
1.4400000000000008,-0.273056586026,-0.288227071447,13.1848258269,6.18503400455,0.0890457294609,0.0,-0.649456739888,-0.695399956575,3.89887370221,-0.07928723819,0.0928914250263,0.0,455.4995681391525,457.4356385045964,456.93894961665114,457.9664628550411
1.5000000000000009,-0.313917877947,-0.332024111023,13.4219255157,6.18045875355,0.0945118376889,0.0,-0.713121928458,-0.764938167814,4.0039289587,-0.0707927063264,0.0872610789531,0.0,455.45957747897813,455.01576037979027,455.1637585498331,455.8386511446155
1.560000000000001,-0.358690757141,-0.380062687121,13.6650749546,6.17582012511,0.0992626200043,0.0,-0.779791988378,-0.836752153221,4.10054882101,-0.0953695110205,0.0535722267352,0.0,456.46361165424065,453.77150721092914,453.5512041567994,451.56793022031707
1.620000000000001,-0.40802920517,-0.433022915404,13.918701195,6.17010258052,0.102761997793,0.0,-0.865148971004,-0.929191387351,4.35252259936,-0.0951387669306,0.0664408677074,0.0,500.1610948424383,501.099416244074,501.08749833039946,501.0976738574072
1.680000000000001,-0.462398394978,-0.491471986823,14.1856588706,6.16454014885,0.106716509673,0.0,-0.947538329432,-1.01966710946,4.5450982263,-0.0882435927886,0.0648225611893,0.0,485.8881908580223,485.7696553542957,486.055543259852,486.5656000065922
1.740000000000001,-0.521339988264,-0.554962128918,14.4598527346,6.1598513711,0.111308316256,0.0,-1.01756805366,-1.09710696355,4.59430888232,-0.0631919229733,0.0932161415049,0.0,443.0429260453298,445.3759668603022,443.5289320752797,445.57674752920514
1.8000000000000012,-0.584241846535,-0.622814973948,14.734014029,6.15617571395,0.117116931002,0.0,-1.07964109663,-1.16497257926,4.54442794727,-0.0576560817551,0.10316800346,0.0,412.5248222118597,413.4115217770823,411.63049367133044,412.11714737726265
1.8600000000000012,-0.6514569558,-0.695325324822,15.009260815,6.15250020514,0.123559535236,0.0,-1.16145286638,-1.25233936821,4.6298837524,-0.0696605291507,0.114682707829,0.0,456.7021157806542,457.6294191414954,456.59964060679755,455.6381940091685
1.9200000000000013,-0.723457484837,-0.772884503483,15.2875637169,6.14885311705,0.13040186521,0.0,-1.23917143049,-1.33329455507,4.64657014986,-0.0472321799257,0.112720197532,0.0,436.0350153236536,435.88287621170883,435.08120155221025,436.95231720850165
1.9800000000000013,-0.800354148528,-0.85547211968,15.567635808,6.14598025606,0.137295175384,0.0,-1.3246653549,-1.41985890534,4.68874073474,-0.049210877016,0.118902747578,0.0,444.75988266794184,445.2777604470003,444.86137906157956,444.6979134223268
2.0400000000000014,-0.882650864204,-0.943442729902,15.8511728426,6.14333336764,0.144351057961,0.0,-1.41920910358,-1.51271253567,4.76190273421,-0.0354934914557,0.114854646737,0.0,456.1112378045951,455.7998034004787,454.7911777675371,455.8876009908852
2.1000000000000014,-0.970975477865,-1.03723807928,16.1405038972,6.14143838082,0.150938559735,0.0,-1.52557532017,-1.6139234424,4.88164928563,-0.0247292681593,0.0970279062644,0.0,471.3782554301638,470.008224120209,471.3671201005295,472.1980299010411
2.1600000000000015,-1.06575648984,-1.1370848333,16.4365616907,6.13990589973,0.157285166502,0.0,-1.63434636455,-1.71438043671,4.98618799086,-0.0272168697532,0.119174828824,0.0,467.7758878659314,469.50650416216195,467.9810179213692,467.7872379993642
2.2200000000000015,-1.16652637113,-1.24238678179,16.7346627825,6.1382401249,0.164660662551,0.0,-1.72527004251,-1.79583688235,4.9503972749,-0.0288778181652,0.129525432781,0.0,424.16066963083176,425.0631842461657,425.1995540541299,425.0569777762901
2.2800000000000016,-1.27306311334,-1.35276506806,17.0316676433,6.13631590694,0.172081222101,0.0,-1.82661680031,-1.88358890703,4.94944880205,-0.0393715434988,0.108202372118,0.0,437.61479129991756,435.84987097044024,437.2583646737396,436.38271568390786
2.3400000000000016,-1.38655560208,-1.46907049887,17.332782294,6.13385904715,0.178761869154,0.0,-1.95705651158,-1.99340732547,5.08668603282,-0.0443015709855,0.116980289375,0.0,479.49234204543666,480.16876578773997,481.9047357663281,481.531138445158
2.4000000000000017,-1.50773728454,-1.59178290629,17.640505469,6.1312592626,0.186603643766,0.0,-2.08299923514,-2.0971891373,5.16994143912,-0.0414541975834,0.149365575338,0.0,464.2612340994782,466.80988240686094,467.3026957416401,467.52369107581904
2.4600000000000017,-1.63551428135,-1.71987417541,17.9473058851,6.12910679391,0.196046906066,0.0,-2.17698073598,-2.17275364843,5.05690444317,-0.0265648387317,0.169900175714,0.0,403.44873247415336,405.32466426414106,401.19004091723866,402.53920264485595
2.520000000000002,-1.77013617749,-1.85334650378,18.2525223865,6.12712846443,0.206289936175,0.0,-2.31132202004,-2.27641956932,5.11619107066,-0.0505957879494,0.172300844149,0.0,460.49829499373135,460.71500949590893,461.4807785115732,459.57916274460854
2.580000000000002,-1.91248343303,-1.99268443873,18.5587079942,6.1240894483,0.216213246868,0.0,-2.43444274698,-2.36842339219,5.08960899672,-0.0507594149954,0.145684483241,0.0,434.88460008335113,432.6752664664813,435.2036212251026,435.1882369574931
2.640000000000002,-2.06273210803,-2.1378441068,18.8647829272,6.12088113844,0.225110591339,0.0,-2.57459983498,-2.47046681976,5.11223217207,-0.0595363769289,0.153041226433,0.0,450.5507877449595,451.1655335405689,452.4830354429869,451.7739120804044
2.700000000000002,-2.22156267298,-2.28918913453,19.1721561335,6.11749922862,0.234131846644,0.0,-2.72052443763,-2.57462758517,5.1328432855,-0.0506789408434,0.144359395509,0.0,453.1027310521313,452.4248557816454,451.4994082946682,452.2114642440478
2.760000000000002,-2.38924619616,-2.44679532505,19.4803984799,6.11445562461,0.242631618412,0.0,-2.86964883455,-2.67913998953,5.14125860403,-0.0508224564808,0.135643525094,0.0,450.30544934842874,449.6180715689652,449.7787253300303,449.76550062399144
2.820000000000002,-2.56604533825,-2.61073572042,19.7891157629,6.11119961065,0.25061729386,0.0,-3.02433021333,-2.78577564229,5.14865657396,-0.0622389333599,0.127442166345,0.0,451.0921001418013,450.44519563815663,451.58736390244127,450.6633816591021
2.880000000000002,-2.75185052037,-2.78085329659,20.0965805345,6.10788575802,0.257858171338,0.0,-3.16981390705,-2.88510159456,5.09980475939,-0.0439937795859,0.101619398358,0.0,434.99544662148793,432.84030418441864,432.7694060509544,434.30050123096055
2.940000000000002,-2.94767859174,-2.95775864353,20.4054024786,6.10532261386,0.263922000268,0.0,-3.35824396492,-3.01188559122,5.19311088268,-0.0402849724721,0.0999297630333,0.0,480.04405259626077,479.9237989032188,480.5726194784589,480.8528608345381
3.000000000000002,-3.1534479832,-3.14134705903,20.7143117552,6.10255806361,0.269950310353,0.0,-3.50129152395,-3.10798297267,5.10374495128,-0.0613511057961,0.101533679512,0.0,422.92726860796944,423.0746964001932,424.08423687711127,422.26892273571355
3.0600000000000023,-3.36743772727,-3.33045051939,21.0161479887,6.09881252354,0.275669931217,0.0,-3.63228866274,-3.19582816773,4.95762058718,-0.0646652876127,0.0785063706993,0.0,404.51044463524823,402.4394104758755,402.84313891193744,402.5400068499842
3.1200000000000023,-3.5919754393,-3.52656894683,21.3181649641,6.09481189515,0.280399834408,0.0,-3.85255766997,-3.34169010167,5.10803806358,-0.0710370804784,0.0794742250899,0.0,500.61431886257014,500.6889525910994,500.0649473861389,499.5977120657523
3.1800000000000024,-3.82896976386,-3.73096131801,21.6261295255,6.09011429063,0.284929962921,0.0,-4.04758522242,-3.47171063735,5.15640504728,-0.0995865134149,0.0660645900628,0.0,473.0794443146067,472.04962109784066,473.0843322047495,470.8755758143502
3.2400000000000024,-4.07688594204,-3.94267752157,21.933969275,6.08400875724,0.289387743324,0.0,-4.21668239052,-3.5859841801,5.10441943039,-0.106497954936,0.0870738005262,0.0,440.6278140481083,442.3658814867127,442.451331815546,441.872745094454
3.3000000000000025,-4.33594507251,-4.16195713255,22.2415717651,6.07764481979,0.294313400776,0.0,-4.41897740839,-3.72381040608,5.14781327119,-0.105215395846,0.0695973418486,0.0,475.6246413545505,474.2888750638325,473.357864629529,473.4474809079759
3.3600000000000025,-4.60737682464,-4.38971602796,22.5520858746,6.07156438792,0.298381424369,0.0,-4.62899964815,-3.86860460797,5.20139659033,-0.0945453007092,0.0639418613807,0.0,479.1663399367221,478.73919254878456,480.36705629584714,481.16759366892285
3.4200000000000026,-4.89057492849,-4.62564479042,22.8627583696,6.06561701003,0.302100914394,0.0,-4.81129372365,-3.99615061174,5.15372604211,-0.110352019643,0.057775822821,0.0,449.5104225497087,449.01304380206744,450.9534000555994,449.66594950292097
3.4800000000000026,-5.18555798898,-4.8698646772,23.1728690244,6.05902505805,0.305121886113,0.0,-5.0216810583,-4.14499990764,5.18211586827,-0.108911694237,0.0282275868654,0.0,477.48603157310663,475.22722523142613,475.5949708564974,475.6955122024871
3.5400000000000027,-5.49142172454,-5.12185694672,23.4789633773,6.05246600787,0.306386049676,0.0,-5.17418178047,-4.25533133285,5.02113521752,-0.110140988084,0.000215477061051,0.0,415.802741048024,413.34069098175854,413.94690440566114,413.8271709698944
3.6000000000000028,-5.80679172546,-5.38079348356,23.7762832993,6.04587712319,0.306481196296,0.0,-5.33842757521,-4.37648229969,4.88946526399,-0.109170677851,0.00419463558019,0.0,423.3277985256439,423.67013307610864,425.5472024608706,425.61904553512164
3.660000000000003,-6.1322958495,-5.6472851579,24.0663686492,6.03957421277,0.306938765787,0.0,-5.51196794218,-4.50714877464,4.77980231242,-0.0978740043896,0.0137314518513,0.0,432.41249322053886,433.2152673093351,431.78051941681963,432.722729370299
3.720000000000003,-6.47014824444,-5.92316622738,24.3555746568,6.03406908823,0.308126628488,0.0,-5.7497273685,-4.68927213966,4.8588796718,-0.0816968517969,0.0297825287015,0.0,495.09754571672306,496.2773041807944,493.7175326939433,494.9036601420417
3.780000000000003,-6.82110661548,-6.20914831313,24.6457017661,6.02885706696,0.309632669944,0.0,-5.94912552682,-4.84389230439,4.8112883751,-0.0999866258765,0.0135397624579,0.0,457.4278007972593,456.1322090738619,459.45414239598637,457.9952113962703
3.840000000000003,-7.18367055678,-6.50418257291,24.9316056699,6.02279635843,0.31058751556,0.0,-6.136617693,-4.99112605603,4.71837075018,-0.103143528065,0.0202835577605,0.0,442.9357496004932,443.4900822745992,445.1002683807185,444.8329430624584
3.900000000000003,-7.55804415842,-6.80856503471,25.2133430758,6.01656049919,0.312061606458,0.0,-6.34272054066,-5.1554665914,4.67201512737,-0.105552949885,0.03199376323,0.0,461.03076430423147,461.9554030574926,460.536525729501,460.33685529426987
3.960000000000003,-7.94339264042,-7.12173246928,25.4878236391,6.01002359268,0.313641828897,0.0,-6.50276325419,-5.28409750891,4.47742569962,-0.116783922729,0.0115386789254,0.0,411.52379307668747,409.7087443435499,411.68301424366797,410.6761043785809
4.020000000000002,-8.33848805918,-7.4427861688,25.750763075,6.00286362816,0.314245475864,0.0,-6.66756423958,-5.41838898174,4.28725886124,-0.12498560623,0.00692782130537,0.0,412.77471914660964,412.36736440295635,412.5101490403794,411.77091062606627
4.080000000000001,-8.74423154403,-7.77260777016,26.0042560345,5.99564190997,0.314740309382,0.0,-6.85755738505,-5.57633136931,4.16205005597,-0.112435480122,0.0107634817428,0.0,435.2878885720371,435.60873796047986,435.8878970304314,436.9223046796011
4.14,-9.16212914847,-8.11263635917,26.2521557512,5.98894923747,0.315326316323,0.0,-7.07258830043,-5.75852993729,4.1003528563,-0.109821185255,0.00769489563628,0.0,458.22689372078554,457.98269463228166,459.6333424578409,459.8299676058946
4.199999999999998,-9.59467746437,-8.46523200952,26.5011586812,5.98266035295,0.315902438794,0.0,-7.34556670754,-5.99504094709,4.19767313529,-0.096326843981,0.0131668824032,0.0,511.48259342440673,511.8721098775633,511.0927018512647,512.0457051475715
4.259999999999997,-10.0416084963,-8.83029601268,26.7498157289,5.97740784195,0.316480368124,0.0,-7.55248789765,-6.17431382927,4.0902347391,-0.0740993701996,0.00141090694875,0.0,450.7205911330125,449.76906666298913,448.8836059443363,450.6778133410881
4.319999999999996,-10.5012108636,-9.20639542475,26.9924349089,5.97316908706,0.316830742924,0.0,-7.76791478836,-6.36282208625,3.9963508665,-0.0645089039076,0.0134828763335,0.0,455.23741835924676,456.2025777963979,456.1061146689427,456.8679441577485
4.379999999999995,-10.9735511862,-9.59366181655,27.2285250802,5.96966328413,0.317741739893,0.0,-7.97720513125,-6.54655641693,3.87276244328,-0.0484311006156,0.0183838077655,0.0,447.22669921167534,447.6257301555972,447.05471727222556,448.3608381548927
4.439999999999993,-11.4589996523,-9.99248069532,27.4584106365,5.96669125931,0.318731908993,0.0,-8.20479450287,-6.74780166198,3.78922353095,-0.0518348013848,0.0124473516844,0.0,463.7854406316438,463.31869866120934,461.72644928130455,461.4563281146941
4.499999999999992,-11.9594490721,-10.4046526022,27.6867555969,5.96443439365,0.319799144832,0.0,-8.47698199377,-6.99142469077,3.82055146559,-0.0184611323144,0.0267596069684,0.0,500.9798702427028,502.01964098269156,500.60955826873044,503.0320699204458
4.559999999999991,-12.4741385143,-10.8294556869,27.9105478022,5.96294563933,0.321435457381,0.0,-8.68001627671,-7.16920604004,3.63899183044,-0.0422154399819,0.0282770733679,0.0,434.3695542993446,434.49703236800593,435.2619505622718,433.26847751294383
4.6199999999999894,-13.0003809559,-11.2643115531,28.1212125478,5.96035680919,0.322939874155,0.0,-8.86224513356,-7.32672928067,3.38338846202,-0.0450783670822,0.0177428658231,0.0,407.3195516114055,406.37617130230325,408.1900305333966,407.9331499275433
4.679999999999988,-13.5390646159,-11.7100382752,28.3203663294,5.95722302465,0.323694913014,0.0,-9.09442532307,-7.53135466051,3.25433938885,-0.0730412903621,-0.000510125637557,0.0,453.29304070504685,451.8232538235509,454.68443037955456,452.4359352269139
4.739999999999987,-14.0916544516,-12.1680308693,28.5112508125,5.95258087143,0.323398290066,0.0,-9.32577641418,-7.73573256908,3.1077889486,-0.0878455458384,-0.0157457226368,0.0,448.90646545739435,447.66811452924463,449.8029297992068,448.59722408320084
4.799999999999986,-14.6590644007,-12.6392339774,28.69554659,5.94765853828,0.322501784097,0.0,-9.5882147739,-7.97163727674,3.03413286768,-0.0724160430086,-0.0133805242853,0.0,475.7613713174232,475.94260672840215,473.8497877669101,475.02971105780676
4.859999999999984,-15.2423284635,-13.1247479274,28.875273859,5.94351887774,0.32154884544,0.0,-9.85429698977,-8.21273707913,2.95552312046,-0.0629076373618,-0.0214249220952,0.0,476.8005854328286,476.1855221030086,475.742236357959,476.4666669843581
4.919999999999983,-15.8414995294,-13.6247083836,29.0496476123,5.93954225856,0.320680500639,0.0,-10.118527974,-8.45323069773,2.85580922723,-0.0740458430754,-0.00330419313413,0.0,470.5830827598577,471.98423665482903,473.2191599225068,472.35769462108766
4.979999999999982,-16.4553841487,-14.1379677889,29.2142932033,5.93516586553,0.320269173647,0.0,-10.345117412,-8.65630174454,2.63202270166,-0.0708160927037,-0.0151220366106,0.0,432.2230084225919,431.2255955285427,431.1262928459195,431.39489578808224
5.0399999999999805,-17.0835180256,-14.6640938488,29.3668160888,5.93129645576,0.318979392641,0.0,-10.5934046655,-8.88206561143,2.45140290155,-0.0541565397091,-0.0389909262603,0.0,448.17701969017156,446.2320080701997,447.8206947622089,449.17114836017083
